Where Row =(0->14), Column =(0->14)

bluePath =
1[133,(8,13)], -> Start(Blue)
2[132,(8,12)],
3[131,(8,11)],
4[130,(8,10)],
5[129,(8,9)],
6[143,(9,8)],
7[158,(10,8)],
8[173,(11,8)],
9[188,(12,8)], -> Safe Position
10[203,(13,8)],
11[218,(14,8)],
12[217,(14,7)],
13[216,(14,6)],
14[201,(13,6)], -> Start(Red)
15[186,(12,6)],
16[171,(11,6)],
17[156,(10,6)],
18[141,(9,6)],
19[125,(8,5)],
20[124,(8,4)],
21[123,(8,3)],
22[122,(8,2)], -> Safe Position
23[121,(8,1)],
24[120,(8,0)],
25[105,(7,0)],
26[90,(6,0)],
27[91,(6,1)], -> Start(Green)
28[92,(6,2)],
29[93,(6,3)],
30[94,(6,4)],
31[95,(6,5)],
32[81,(5,6)],
33[66,(4,6)],
34[51,(3,6)],
35[36,(2,6)], -> Safe Position
36[21,(1,6)],
37[6,(0,6)],
38[7,(0,7)],
39[8,(0,8)],
40[23,(1,8)], -> Start(Yellow)
41[38,(2,8)],
42[53,(3,8)],
43[68,(4,8)],
44[83,(5,8)],
45[99,(6,9)],
46[100,(6,10)],
47[101,(6,11)],
48[102,(6,12)], -> Safe Position
49[103,(6,13)],
50[104,(6,14)],
51[119,(7,14)],
52[118,(7,13)],
53[117,(7,12)],
54[116,(7,11)],
55[115,(7,10)],
56[114,(7,9)],
57[113,(7,8)]