Where Row =(0->14), Column =(0->14)

greenPath =
1[91,(6,1)], -> Start(Green)
2[92,(6,2)],
3[93,(6,3)],
4[94,(6,4)],
5[95,(6,5)],
6[81,(5,6)],
7[66,(4,6)],
8[51,(3,6)],
9[36,(2,6)], -> Safe Position
10[21,(1,6)],
11[6,(0,6)],
12[7,(0,7)],
13[8,(0,8)],
14[23,(1,8)], -> Start(Yellow)
15[38,(2,8)],
16[53,(3,8)],
17[68,(4,8)],
18[83,(5,8)],
19[99,(6,9)],
20[100,(6,10)],
21[101,(6,11)],
22[102,(6,12)], -> Safe Position
23[103,(6,13)],
24[104,(6,14)],
25[119,(7,14)],
26[134,(8,14)],
27[133,(8,13)], -> Start(Blue)
28[132,(8,12)],
29[131,(8,11)],
30[130,(8,10)],
31[129,(8,9)],
32[143,(9,8)],
33[158,(10,8)],
34[173,(11,8)],
35[188,(12,8)], -> Safe Position
36[203,(13,8)],
37[218,(14,8)],
38[217,(14,7)],
39[216,(14,6)],
40[201,(13,6)], -> Start(Red)
41[186,(12,6)],
42[171,(11,6)],
43[156,(10,6)],
44[141,(9,6)],
45[125,(8,5)],
46[124,(8,4)],
47[123,(8,3)],
48[122,(8,2)], -> Safe Position
49[121,(8,1)],
50[120,(8,0)],
51[105,(7,0)],
52[106,(7,1)],
53[107,(7,2)],
54[108,(7,3)],
55[109,(7,4)],
56[110,(7,5)],
57[111,(7,6)]