Where Row =(0->14), Column =(0->14)

redPath =
[201,(13,6)],
[186,(12,6)],
[171,(11,6)],
[156,(10,6)],
[141,(9,6)],
[125,(8,5)],
[124,(8,4)],
[123,(8,3)],
[122,(8,2)],
[121,(8,1)],
[120,(8,0)],
[105,(7,0)],
[90,(6,0)],
[91,(6,1)],
[92,(6,2)],
[93,(6,3)],
[94,(6,4)],
[95,(6,5)],
[81,(5,6)],
[66,(4,6)],
[51,(3,6)],
[36,(2,6)],
[21,(1,6)],
[6,(0,6)],
[7,(0,7)],
[8,(0,8)],
[23,(1,8)],
[38,(2,8)],
[53,(3,8)],
[68,(4,8)],
[83,(5,8)],
[99,(6,9)],
[100,(6,10)],
[101,(6,11)],
[102,(6,12)],
[103,(6,13)],
[104,(6,14)],
[119,(7,14)],
[134,(8,14)],
[133,(8,13)],
[132,(8,12)],
[131,(8,11)],
[130,(8,10)],
[129,(8,9)],
[143,(9,8)],
[158,(10,8)],
[173,(11,8)],
[188,(12,8)],
[203,(13,8)],
[218,(14,8)],
[217,(14,7)],
[202,(13,7)],
[187,(12,7)],
[172,(11,7)],
[157,(10,7)],
[142,(9,7)],
[127,(8,7)],
 