Where Row =(0->14), Column =(0->14)

redPath =
1[201,(13,6)], -> Start(Red)
2[186,(12,6)],
3[171,(11,6)],
4[156,(10,6)],
5[141,(9,6)],
6[125,(8,5)],
7[124,(8,4)],
8[123,(8,3)],
9[122,(8,2)], -> Safe Position
10[121,(8,1)],
11[120,(8,0)],
12[105,(7,0)],
13[90,(6,0)],
14[91,(6,1)], -> Start(Green)
15[92,(6,2)],
16[93,(6,3)],
17[94,(6,4)],
18[95,(6,5)],
19[81,(5,6)],
20[66,(4,6)],
21[51,(3,6)],
22[36,(2,6)], -> Safe Position
23[21,(1,6)],
24[6,(0,6)],
25[7,(0,7)],
26[8,(0,8)],
27[23,(1,8)], -> Start(Yellow)
28[38,(2,8)],
29[53,(3,8)],
30[68,(4,8)],
31[83,(5,8)],
32[99,(6,9)],
33[100,(6,10)],
34[101,(6,11)],
35[102,(6,12)], -> Safe Position
36[103,(6,13)],
37[104,(6,14)],
38[119,(7,14)],
39[134,(8,14)],
40[133,(8,13)], -> Start(Blue)
41[132,(8,12)],
42[131,(8,11)],
43[130,(8,10)],
44[129,(8,9)],
45[143,(9,8)],
46[158,(10,8)],
47[173,(11,8)],
48[188,(12,8)], -> Safe Position
49[203,(13,8)],
50[218,(14,8)],
51[217,(14,7)],
52[202,(13,7)],
53[187,(12,7)],
54[172,(11,7)],
55[157,(10,7)],
56[142,(9,7)],
57[127,(8,7)]
 