Where Row =(0->14), Column =(0->14)

yellowPath =
1[23,(1,8)], -> Start(Yellow)
2[38,(2,8)],
3[53,(3,8)],
4[68,(4,8)],
5[83,(5,8)],
6[99,(6,9)],
7[100,(6,10)],
8[101,(6,11)],
9[102,(6,12)], -> Safe Position
10[103,(6,13)],
11[104,(6,14)],
12[119,(7,14)],
13[134,(8,14)],
14[133,(8,13)], -> Start(Blue)
15[132,(8,12)],
16[131,(8,11)],
17[130,(8,10)],
18[129,(8,9)],
19[143,(9,8)],
20[158,(10,8)],
21[173,(11,8)],
22[188,(12,8)], -> Safe Position
23[203,(13,8)],
24[218,(14,8)],
25[217,(14,7)],
26[216,(14,6)],
27[201,(13,6)], -> Start(Red)
28[186,(12,6)],
29[171,(11,6)],
30[156,(10,6)],
31[141,(9,6)],
32[125,(8,5)],
33[124,(8,4)],
34[123,(8,3)],
35[122,(8,2)], -> Safe Position
36[121,(8,1)],
37[120,(8,0)],
38[105,(7,0)],
39[90,(6,0)],
40[91,(6,1)], -> Start(Green)
41[92,(6,2)],
42[93,(6,3)],
43[94,(6,4)],
44[95,(6,5)],
45[81,(5,6)],
46[66,(4,6)],
47[51,(3,6)],
48[36,(2,6)], -> Safe Position
49[21,(1,6)],
50[6,(0,6)],
51[7,(0,7)],
52[22,(1,7)],
53[37,(2,7)],
54[52,(3,7)],
55[67,(4,7)],
56[82,(5,7)],
57[97,(6,7)]


Map<int, List<List<int>>> yellowPath = {
    1: [
      [1, 8]
    ],
    2: [
      [2, 8]
    ],
    3: [
      [3, 8]
    ],
    4: [
      [4, 8]
    ],
    5: [
      [5, 8]
    ],
    6: [
      [6, 9]
    ],
    7: [
      [6, 10]
    ],
    8: [
      [6, 11]
    ],
    9: [
      [6, 12]
    ],
    10: [
      [6, 13]
    ],
    11: [
      [6, 14]
    ],
    12: [
      [7, 14]
    ],
    13: [
      [8, 14]
    ],
    14: [
      [8, 13]
    ],
    15: [
      [8, 12]
    ],
    16: [
      [8, 11]
    ],
    17: [
      [8, 10]
    ],
    18: [
      [8, 9]
    ],
    19: [
      [9, 8]
    ],
    20: [
      [10, 8]
    ],
    21: [
      [11, 8]
    ],
    22: [
      [12, 8]
    ],
    23: [
      [13, 8]
    ],
    24: [
      [14, 8]
    ],
    25: [
      [14, 7]
    ],
    26: [
      [14, 6]
    ],
    27: [
      [13, 6]
    ],
    28: [
      [12, 6]
    ],
    29: [
      [11, 6]
    ],
    30: [
      [10, 6]
    ],
    31: [
      [9, 6]
    ],
    32: [
      [8, 5]
    ],
    33: [
      [8, 4]
    ],
    34: [
      [8, 3]
    ],
    35: [
      [8, 2]
    ],
    36: [
      [8, 1]
    ],
    37: [
      [8, 0]
    ],
    38: [
      [7, 0]
    ],
    39: [
      [6, 0]
    ],
    40: [
      [6, 1]
    ],
    41: [
      [6, 2]
    ],
    42: [
      [6, 3]
    ],
    43: [
      [6, 4]
    ],
    44: [
      [6, 5]
    ],
    45: [
      [5, 6]
    ],
    46: [
      [4, 6]
    ],
    47: [
      [3, 6]
    ],
    48: [
      [2, 6]
    ],
    49: [
      [1, 6]
    ],
    50: [
      [0, 6]
    ],
    51: [
      [0, 7]
    ],
    52: [
      [1, 7]
    ],
    53: [
      [2, 7]
    ],
    54: [
      [3, 7]
    ],
    55: [
      [4, 7]
    ],
    56: [
      [5, 7]
    ],
    57: [
      [6, 7]
    ]
  };